Target Points: 
(200, 100) 
(330, 310) 
(370, 450) 

Tolerance: 10


X2       Y2       L       R1       R2       Angle 1       Angle 2

196.48   101.83   80      80       192      85.88        -69          
196.06   105.20   80      80       192      85.88        -25          
195.58   108.57   80      80       192      85.88        19           
198.87   92.35    80      96       192      85.88        -44          
198.90   95.75    80      96       192      85.88        0            
198.87   99.15    80      96       192      85.88        44           
198.78   102.55   80      96       192      85.88        88           
204.76   91.75    96      96       192      82.34        -44          
204.79   95.14    96      96       192      82.34        0            
204.76   98.54    96      96       192      82.34        44           
204.67   101.94   96      96       192      82.34        88           
190.81   104.77   96      112      176      82.34        -88          
190.89   107.89   96      112      176      82.34        -44          
197.00   103.76   112     112      176      79.14        -88          
197.08   106.88   112     112      176      79.14        -44          
197.11   109.99   112     112      176      79.14        0            
199.93   104.91   80      112      192      85.88        -88          
200.02   108.31   80      112      192      85.88        -44          
206.80   104.21   96      112      192      82.34        -88          
206.89   107.60   96      112      192      82.34        -44          
190.57   97.40    96      128      176      82.34        -63          
191.07   100.48   96      128      176      82.34        -19          
191.51   103.57   96      128      176      82.34        25           
191.89   106.66   96      128      176      82.34        69           
197.64   96.25    112     128      176      79.14        -63          
198.14   99.33    112     128      176      79.14        -19          
198.58   102.41   112     128      176      79.14        25           
198.96   105.50   112     128      176      79.14        69           
204.23   94.81    128     128      176      76.12        -63          
204.72   97.88    128     128      176      76.12        -19          
205.16   100.97   128     128      176      76.12        25           
205.55   104.06   128     128      176      76.12        69           
198.49   95.54    80      128      192      85.88        -63          
199.03   98.89    80      128      192      85.88        -19          
199.51   102.26   80      128      192      85.88        25           
199.93   105.63   80      128      192      85.88        69           
206.35   94.73    96      128      192      82.34        -63          
206.88   98.08    96      128      192      82.34        -19          
207.36   101.45   96      128      192      82.34        25           
207.78   104.82   96      128      192      82.34        69           
194.40   90.44    144     144      160      73.21        -38          
195.22   93.16    144     144      160      73.21        6            
195.98   95.88    144     144      160      73.21        50           
196.13   92.24    112     144      176      79.14        6            
196.98   95.24    112     144      176      79.14        50           
203.54   90.62    128     144      176      76.12        6            
204.38   93.62    128     144      176      76.12        50           
195.62   93.25    80      144      192      85.88        50           
204.46   92.34    96      144      192      82.34        50           
190.50   105.60   160     160      144      70.37        -82          
191.28   108.02   160     160      144      70.37        -38          
190.34   105.21   128     160      160      76.12        -82          
191.20   107.91   128     160      160      76.12        -38          
198.16   103.06   144     160      160      73.21        -82          
199.02   105.76   144     160      160      73.21        -38          
199.84   108.47   144     160      160      73.21        6            
193.69   91.14    144     160      160      73.21        75           
205.70   100.58   160     160      160      70.37        -82          
206.56   103.28   160     160      160      70.37        -38          
207.38   106.00   160     160      160      70.37        6            
208.14   108.72   160     160      160      70.37        50           
190.31   109.40   96      160      176      82.34        6            
197.30   102.00   112     160      176      79.14        -82          
198.25   104.97   112     160      176      79.14        -38          
199.15   107.96   112     160      176      79.14        6            
205.53   100.20   128     160      176      76.12        -82          
206.48   103.17   128     160      176      76.12        -38          
207.38   106.15   128     160      176      76.12        6            
208.22   109.15   128     160      176      76.12        50           
193.84   99.45    80      160      192      85.88        -82          
194.87   102.68   80      160      192      85.88        -38          
195.85   105.94   80      160      192      85.88        6            
196.77   109.21   80      160      192      85.88        50           
203.65   98.43    96      160      192      82.34        -82          
204.69   101.67   96      160      192      82.34        -38          
205.67   104.93   96      160      192      82.34        6            
206.59   108.20   96      160      192      82.34        50           
209.03   94.43    80      160      208      85.88        -82          
190.85   107.59   160     176      144      70.37        31           
191.86   109.93   160     176      144      70.37        75           
196.77   99.86    176     176      144      67.56        -57          
197.86   102.17   176     176      144      67.56        -13          
198.91   104.49   176     176      144      67.56        31           
199.92   106.83   176     176      144      67.56        75           
194.81   98.71    144     176      160      73.21        -57          
196.02   101.27   144     176      160      73.21        -13          
197.19   103.85   144     176      160      73.21        31           
198.31   106.45   144     176      160      73.21        75           
203.10   95.99    160     176      160      70.37        -57          
204.32   98.54    160     176      160      70.37        -13          
205.48   101.13   160     176      160      70.37        31           
206.61   103.73   160     176      160      70.37        75           
191.55   96.08    112     176      176      79.14        -57          
192.88   98.90    112     176      176      79.14        -13          
194.17   101.73   112     176      176      79.14        31           
195.40   104.60   112     176      176      79.14        75           
200.60   94.09    128     176      176      76.12        -57          
201.94   96.91    128     176      176      76.12        -13          
203.22   99.75    128     176      176      76.12        31           
204.45   102.61   128     176      176      76.12        75           
209.21   91.73    144     176      176      73.21        -57          
196.22   90.69    96      176      192      82.34        -57          
197.68   93.76    96      176      192      82.34        -13          
199.08   96.86    96      176      192      82.34        31           
200.42   99.98    96      176      192      82.34        75           
207.40   92.17    112     176      192      79.14        -13          
208.80   95.27    112     176      192      79.14        31           
202.92   91.50    80      176      208      85.88        31           
204.37   94.89    80      176      208      85.88        75           
191.12   106.89   192     192      128      64.75        56           
192.00   95.94    176     192      144      67.56        -76          
193.43   98.05    176     192      144      67.56        -32          
194.81   100.19   176     192      144      67.56        12           
196.16   102.35   176     192      144      67.56        56           
200.61   92.13    192     192      144      64.75        -76          
202.04   94.25    192     192      144      64.75        -32          
203.42   96.38    192     192      144      64.75        12           
204.77   98.55    192     192      144      64.75        56           
190.47   97.97    144     192      160      73.21        12           
191.97   100.37   144     192      160      73.21        56           
196.39   90.26    160     192      160      70.37        -76          
197.98   92.61    160     192      160      70.37        -32          
199.52   94.99    160     192      160      70.37        12           
201.02   97.39    160     192      160      70.37        56           
208.31   91.61    176     192      160      67.56        12           
209.81   94.01    176     192      160      67.56        56           
204.44   109.63   128     192      176      76.12        -57          
194.58   91.96    128     192      176      76.12        12           
196.23   94.60    128     192      176      76.12        56           
205.62   92.02    144     192      176      73.21        56           
198.35   106.54   96      192      192      82.34        -57          
199.81   109.62   96      192      192      82.34        -13          
208.96   104.82   112     192      192      79.14        -57          
200.97   100.78   80      192      208      85.88        -57          
202.55   104.11   80      192      208      85.88        -13          
204.07   107.46   80      192      208      85.88        31           
192.91   97.73    208     208      128      61.92        -51          
194.41   99.42    208     208      128      61.92        -7           
195.88   101.14   208     208      128      61.92        37           
197.33   102.89   208     208      128      61.92        81           
191.25   101.54   176     208      144      67.56        81           
207.44   106.60   192     208      144      64.75        -76          
195.61   91.61    192     208      144      64.75        -51          
208.86   108.72   192     208      144      64.75        -32          
197.30   93.52    192     208      144      64.75        -7           
198.96   95.45    192     208      144      64.75        37           
200.58   97.42    192     208      144      64.75        81           
208.13   90.85    208     208      144      61.92        37           
209.75   92.81    208     208      144      61.92        81           
191.97   108.56   144     208      160      73.21        -76          
201.77   105.33   160     208      160      70.37        -76          
203.35   107.68   160     208      160      70.37        -32          
190.50   90.79    160     208      160      70.37        -7           
192.34   92.95    160     208      160      70.37        37           
194.14   95.13    160     208      160      70.37        81           
203.68   91.46    176     208      160      67.56        81           
194.99   102.29   128     208      176      76.12        -76          
196.73   104.87   128     208      176      76.12        -32          
198.42   107.49   128     208      176      76.12        12           
205.16   99.50    144     208      176      73.21        -76          
206.90   102.08   144     208      176      73.21        -32          
208.59   104.70   144     208      176      73.21        12           
191.53   106.01   96      208      192      82.34        56           
197.48   95.58    112     208      192      79.14        -76          
199.38   98.40    112     208      192      79.14        -32          
201.22   101.25   112     208      192      79.14        12           
203.02   104.13   112     208      192      79.14        56           
208.18   93.23    128     208      192      76.12        -76          
190.47   95.85    80      208      208      85.88        12           
192.42   98.98    80      208      208      85.88        56           
201.23   91.45    96      208      208      82.34        -32          
203.23   94.54    96      208      208      82.34        12           
205.18   97.66    96      208      208      82.34        56           
206.07   90.63    80      208      224      85.88        56           
190.62   109.32   224     224      112      59.05        62           
191.65   103.02   208     224      128      61.92        62           
196.25   93.05    224     224      128      59.05        -70          
198.00   94.51    224     224      128      59.05        -26          
199.71   95.99    224     224      128      59.05        18           
201.40   97.50    224     224      128      59.05        62           
202.43   106.08   192     224      144      64.75        -51          
204.12   107.99   192     224      144      64.75        -7           
190.65   94.45    192     224      144      64.75        18           
205.78   109.92   192     224      144      64.75        37           
192.55   96.15    192     224      144      64.75        62           
202.43   91.19    208     224      144      61.92        62           
193.99   103.75   160     224      160      70.37        -51          
195.87   105.86   160     224      160      70.37        -7           
197.72   108.02   160     224      160      70.37        37           
204.26   99.80    176     224      160      67.56        -51          
206.14   101.92   176     224      160      67.56        -7           
207.98   104.07   176     224      160      67.56        37           
209.78   106.25   176     224      160      67.56        81           
190.44   106.60   128     224      176      76.12        81           
195.31   96.49    144     224      176      73.21        -51          
197.38   98.82    144     224      176      73.21        -7           
199.41   101.19   144     224      176      73.21        37           
201.39   103.59   144     224      176      73.21        81           
205.87   93.02    160     224      176      70.37        -51          
207.94   95.35    160     224      176      70.37        -7           
209.96   97.72    160     224      176      70.37        37           
191.34   99.05    112     224      192      79.14        81           
198.49   91.32    128     224      192      76.12        -7           
200.70   93.90    128     224      192      76.12        37           
202.87   96.52    128     224      192      76.12        81           
201.30   104.25   96      224      208      82.34        -76          
203.36   107.31   96      224      208      82.34        -32          
191.39   90.99    96      224      208      82.34        81           
200.75   96.61    80      224      224      85.88        -76          
202.97   99.90    80      224      224      85.88        -32          
205.12   103.23   80      224      224      85.88        12           
207.22   106.59   80      224      224      85.88        56           
321.41   302.31   208     224      240      61.92        57           
190.89   102.95   240     240      112      56.13        -89          
192.59   103.97   240     240      112      56.13        -45          
194.26   105.03   240     240      112      56.13        -1           
195.92   106.12   240     240      112      56.13        43           
197.56   107.23   240     240      112      56.13        87           
204.48   106.78   224     240      128      59.05        -70          
190.66   96.92    224     240      128      59.05        -45          
206.22   108.23   224     240      128      59.05        -26          
192.58   98.13    224     240      128      59.05        -1           
207.94   109.71   224     240      128      59.05        18           
194.47   99.37    224     240      128      59.05        43           
196.35   100.64   224     240      128      59.05        87           
200.99   90.36    240     240      128      56.13        -45          
202.91   91.57    240     240      128      56.13        -1           
204.80   92.81    240     240      128      56.13        43           
206.68   94.08    240     240      128      56.13        87           
193.59   105.62   192     240      144      64.75        -70          
195.54   107.26   192     240      144      64.75        -26          
197.47   108.92   192     240      144      64.75        18           
204.17   100.31   208     240      144      61.92        -70          
206.13   101.94   208     240      144      61.92        -26          
190.78   90.58    208     240      144      61.92        -1           
208.06   103.61   208     240      144      61.92        18           
192.91   91.97    208     240      144      61.92        43           
209.96   105.31   208     240      144      61.92        62           
195.02   93.41    208     240      144      61.92        87           
192.95   98.00    176     240      160      67.56        -70          
195.13   99.81    176     240      160      67.56        -26          
197.27   101.66   176     240      160      67.56        18           
199.38   103.55   176     240      160      67.56        62           
203.72   93.24    192     240      160      64.75        -70          
205.89   95.05    192     240      160      64.75        -26          
208.04   96.91    192     240      160      64.75        18           
194.48   91.84    160     240      176      70.37        -26          
196.84   93.88    160     240      176      70.37        18           
199.16   95.96    160     240      176      70.37        62           
200.07   104.31   128     240      192      76.12        -51          
202.33   106.85   128     240      192      76.12        -7           
204.54   109.43   128     240      192      76.12        37           
191.18   104.00   96      240      208      82.34        37           
193.53   106.84   96      240      208      82.34        81           
199.60   96.29    112     240      208      79.14        -51          
202.05   99.05    112     240      208      79.14        -7           
204.44   101.84   112     240      208      79.14        37           
206.79   104.68   112     240      208      79.14        81           
191.23   98.28    80      240      224      85.88        81           
200.85   90.70    96      240      224      82.34        -7           
203.43   93.71    96      240      224      82.34        37           
205.95   96.77    96      240      224      82.34        81           
324.99   303.54   224     240      224      59.05        57           
324.87   316.10   240     240      224      56.13        -56          
322.77   319.47   240     240      224      56.13        -12          
323.61   310.13   192     240      240      64.75        -75          
321.93   314.03   192     240      240      64.75        -31          
320.17   317.90   192     240      240      64.75        13           
334.19   304.82   208     240      240      61.92        -75          
332.51   308.72   208     240      240      61.92        -31          
330.76   312.59   208     240      240      61.92        13           
328.94   316.43   208     240      240      61.92        57           
339.39   310.51   224     240      240      59.05        57           
201.59   104.10   240     240      240      89.10        -76          
203.96   107.63   240     240      240      89.10        -32          
